"terrain": [
    [ 1, 1, 1, 1, 1, 1, 1, 1, 1, 1, 1, 1, 1 ],
    [ 1, 0, 0, 0, 0, 1, 0, 0, 0, 0, 0, 0, 1 ],
    [ 1, 0, 0, 1, 0, 1, 0, 0, 0, 0, 1, 0, 1 ],
    [ 1, 0, 0, 1, 0, 1, 0, 0, 0, 0, 1, 0, 1 ],
    [ 1, 0, 0, 1, 0, 1, 0, 0, 0, 0, 1, 0, 1 ],
    [ 1, 0, 0, 1, 0, 0, 0, 0, 0, 0, 1, 0, 1 ],
    [ 1, 1, 1, 1, 1, 1, 1, 1, 1, 1, 1, 0, 1 ],
    [ 1, 0, 0, 0, 0, 0, 0, 0, 0, 0, 0, 0, 1 ],
    [ 1, 0, 0, 0, 1, 1, 1, 1, 0, 0, 0, 0, 1 ],
    [ 1, 0, 0, 0, 2, 0, 2, 0, 0, 0, 0, 0, 1 ],
    [ 1, 2, 2, 2, 2, 0, 2, 0, 0, 0, 0, 0, 1 ],
    [ 1, 1, 1, 1, 1, 1, 1, 1, 1, 1, 1, 1, 1 ]
  ],
  "tileset": [
    [ 13, 6 , 6 , 7 , 7 , 12, 11, 11, 10, 11, 10, 10, 12 ],
    [ 12, 0 , 0 , 0 , 1 , 12, 0 , 0 , 0 , 0 , 0 , 0 , 12 ],
    [ 12, 0 , 0 , 12, 0 , 12, 0 , 4 , 4 , 4 , 14, 1 , 12 ],
    [ 12, 1 , 0 , 12, 0 , 12, 0 , 4 , 4 , 4 , 14, 0 , 12 ],
    [ 12, 0 , 0 , 12, 0 , 9 , 0 , 4 , 4 , 4 , 14, 0 , 12 ],
    [ 12, 0 , 1 , 12, 1 , 0 , 0 , 0 , 1 , 1 , 14, 1 , 12 ],
    [ 12, 9 , 7 , 9 , 9 , 7 , 7 , 9 , 7 , 7 , 7 , 0 , 12 ],
    [ 12, 4 , 4 , 4 , 0 , 0 , 0 , 1 , 0 , 0 , 0 , 0 , 12 ],
    [ 12, 4 , 0 , 4 , 10, 10, 10, 10, 0 , 0 , 1 , 1 , 12 ],
    [ 12, 4 , 0 , 4 , 18, 2 , 18, 2 , 2 , 2 , 2 , 2 , 12 ],
    [ 12, 18, 18, 18, 19, 2 , 19, 2 , 2 , 2 , 2 , 2 , 12 ],
    [ 12, 12, 12, 12, 12, 12, 12, 12, 12, 12, 12, 12, 12 ]
  ],